[A 0 214.8628 3180.8626	2923.4544 33.378 0 0 0]
[B 348.2829	2172.0974 3180.8626	2656.0627 0	0 0	0]
[C 3040.7314 3180.8626 3180.8626 2172.0719 278.9648	0 0	301.2778]
[D 0 0 2950.0765 3180.8626 3180.8626 2965.8858 0 0]
[E 0 0 0 0 0 0 3180.8626 2649.205]
[A' 0 0	2754.0094 2983.7112	174.6411 0 0 0]
[B' 726.1605 2396.6483 3180.8626 3180.8626 312.7088	0 0	327.008]
[C' 2889.5083 3180.8626	3180.8662 2148.5408	477.3621 0 0 327.1254]
[D' 0 957.517 3180.8626	3180.8626 3180.8626	3180.8632 425.5816 0]
[E' 1.6086 0 0 0 0 0 3180.8626 2819.0115]
[F' 0 129.6097 1773.4695 2827.4334 1699.9045 525.1419 57.2376 0]
[G' 3180.8626 3180.8626	770.3878 0 2543.1668 2848.9072 3148.3361 3180.8626]
[H' 3180.8626 3180.8626 0 0 0 0	0 788.6299]
[I' 3180.8626 3180.8626	432.2406 0 0 0 0 0]
[J' 3180.8626 3180.8626 3180.8626 2436.2228	0 0 0 0]