[A 0 23.8740 353.4292 353.4292 33.3780 0 0 0]
[B 303.4455 353.4292 353.4292 210.1312 0 0 0 0]
[C 353.4292 353.4292 353.4292 353.4292 62.3946 0 0 22.2412]
[D 0 0 292.0189 353.4292 353.4292 329.5552 0 0]
[E 0 0 0 0 0 0 353.4292 281.7886]
[A' 0 0 305.9782 353.4292 151.4614 0 0 0]
[B' 353.4292 353.4292 353.4292 353.4292 0 0 0 263.7518]
[C' 353.4292 353.4292 353.4292 353.4292 120.4818 0 0 0]
[D' 0 179.5757 353.4292 353.4292 353.4292 353.4292 47.4510 0]
[E' 0 0 0 0 0 0 353.4292 288.6251]
[F' 0 0 0 0 353.4292 353.4292 57.2376 0]
[G' 353.4292 353.4292 111.6616 0 282.5741 353.4292 353.4292 353.4292]
[H' 353.4292 353.4292 0 0 0 0 0 107.1231]
[I' 353.4292 353.4292 48.0267 0 0 0 0 0]
[J' 353.4292 353.4292 353.4292 102.3369 0 0 0 0]

