[A 0 23.8740 353.4292 353.4292 33.3780 0 0 0 0 71.6219 1060.2875 962.5809 0 0 0 0 0 119.3669 1767.1459 1607.4443 0 0 0 0]
[B 303.4455 353.4292 353.4292 210.1312 0 0 0 0 44.8374 860.1789 1060.2875 836.6863 0 0 0 0 0 958.4893 1767.1459 1609.2452 0 0 0 0]
[C 353.4292 353.4292 353.4292 353.4292 62.3946 0 0 22.2412 1060.2875 1060.2875 1060.2875 1060.2875 178.2062 0 0 125.7275 1627.0147 1767.1459 1767.1459 758.3552 38.3640 0 0 153.3091]
[D 0 0 292.0189 353.4292 353.4292 329.5552 0 0 0 0 957.3803 1060.2875 1060.2875 988.6656 0 0 0 0 1700.6773 1767.1459 1767.1459 1647.6654 0 0]
[E 0 0 0 0 0 0 353.4292 281.7886 0 0 0 0 0 0 1060.2875 845.7307 0 0 0 0 0 0 1767.1459 1521.6857]
[A' 0 0 305.9782 353.4292 151.4614 0 0 0 0 0 917.9346 974.8939 23.1797 0 0 0 0 0 1530.0966 1655.3881 0 0 0 0]
[B' 353.4292 353.4292 353.4292 353.4292 0 0 0 263.7518 372.7313 1015.9978 1060.2875 1060.2875 44.4163 0 0 63.2562 0 1027.2213 1767.1459 1767.1459 268.2925 0 0 0]
[C' 353.4292 353.4292 353.4292 353.4292 120.4818 0 0 0 1060.2875 1060.2875 1060.2875 1060.2875 323.7110 0 0 144.3669 1475.7916 1767.1459 1767.1495 734.8241 33.1693 0 0 182.7585]
[D' 0 179.5757 353.4292 353.4292 353.4292 353.4292 47.4510 0 0 389.7510 1060.2875 1060.2875 1060.2875 1060.2875 142.3530 0 0 388.1903 1767.1459 1767.1459 1767.1459 1767.1459 235.7776 0]
[E' 0 0 0 0 0 0 353.4292 288.6251 0 0 0 0 0 0 1060.2875 866.6082 1.6086 0 0 0 0 0 1767.1459 1663.7782]
[F' 0 0 0 0 353.4292 353.4292 57.2376 0 0 0 6.3236 1060.2875 1060.2875 171.7127 0 0 0 129.6097 1767.1459 1767.1459 286.1878 0 0 0]
[G' 353.4292 353.4292 111.6616 0 282.5741 353.4292 353.4292 353.4292 1060.2875 1060.2875 312.8511 0 847.7223 1060.2875 1060.2875 1060.2875 1767.1459 1767.1459 345.8751 0 1412.8704 1435.1897 1734.6194 1767.1459]
[H' 353.4292 353.4292 0 0 0 0 0 107.1231 1060.2875 1060.2875 0 0 0 0 0 313.2581 1767.1459 1767.1459 0 0 0 0 0 368.2487]
[I' 353.4292 353.4292 48.0267 0 0 0 0 0 1060.2875 1060.2875 144.0802 0 0 0 0 0 1767.1459 1767.1459 240.1337 0 0 0 0 0]
[J' 353.4292 353.4292 353.4292 102.3369 0 0 0 0 1060.2875 1060.2875 1060.2875 773.8303 0 0 0 0 1767.1459 1767.1459 1767.1459 1560.0556 0 0 0 0]

