[A 293.6330 0 0 0 0 0 227.2750 353.4292 655.3045 0 0 372.9559 372.9559 0 1011.8249 1060.2875 177.8120 0 0 1754.7708 1754.7708 290.2638 1686.3749 1767.1459]
[B 0 0 0 0 59.7962 353.4292 353.4292 116.1699 0 0 0 0 83.3930 1000.1532 1060.2875 407.9902 0 0 0 0 0 1045.8774 1767.1459 1303.9627]
[C 147.9533 0 0 237.2592 353.4292 353.4292 353.4292 353.4292 320.0626 0 0 605.5861 1060.2875 1060.2875 1060.2875 1060.2875 167.6406 0 0 95.0402 1353.4236 1767.1459 1767.1459 1767.1459]
[D 0 0 0 0 205.4759 353.4292 353.4292 273.9407 0 0 0 1.4597 849.4542 1060.2875 1060.2875 821.8222 0 0 0 222.2248 1767.1459 1767.1459 1767.1459 733.8234]
[E 353.4292 346.6879 0 0 0 0 0 18.6053 1060.2875 1040.0637 0 0 0 0 0 55.8160 1767.1459 1767.1459 0 0 0 0 0 93.0266]


[A' 137.6791 0 0 0 0 0 353.4292 353.4292 201.7483 0 0 178.6146 178.6146 0 1060.2875 1060.2875 121.6068 0 55.5487 1678.6804 1678.6804 140.2068 1767.1459 1767.1459]
[B' 0 0 0 0 215.7501 353.4292 353.4292 287.3110 0 0 0 0 64.1779 886.3554 1060.2875 905.9358 83.3975 0 0 275.7288 275.7288 881.6188 1767.1459 1763.4087]
[C' 147.9533 0 0 77.6662 353.4292 353.4292 353.4292 353.4292 320.0626 0 0 163.2670 1060.2875 1060.2875 1060.2875 1060.2875 167.6406 0 0 6.4149 1110.2356 1767.1459 1767.1459 1767.1459]
[D' 0 0 0 0 205.4759 353.4292 353.4292 273.9407 0 0 0 0 739.1207 1060.2875 1060.2875 821.8222 0 0 0 0 1566.9411 1767.1459 1767.1459 1255.0003]
[E' 353.4292 353.4292 0 0 0 0 0 0 1060.2875 1060.2875 0 0 0 0 0 0 1767.1459 1767.1459 0 0 0 0 0 0]
[F' 0 0 0 0 0 0 353.4292 353.4292 0 0 0 0 0 0 1060.2875 1060.2875 0 0 0 0 0 0 1767.1459 1767.1459]
[G' 0 0 0 0 353.4292 353.4292 0 0 0 0 0 0 1060.2875 1060.2875 0 0 169.5959 35.2596 0 0 1767.1459 1767.1459 0 0]
[H' 0 0 0 79.4884 353.4292 353.4292 29.1425 0 0 0 0 238.4653 1060.2875 1060.2875 87.4274 0 0 0 0 376.1920 1767.1459 1767.1459 145.7124 0]
[I' 0 0 294.3815 353.4292 353.4292 303.4215 0 0 0 0 883.1446 1060.2875 1060.2875 818.9686 0 0 0 0 1471.9077 1767.1459 1767.1459 1504.0077 0 0]
[J' 353.4292 353.4292 353.4292 353.4292 0 0 353.4292 353.4292 743.8863 1060.2875 1060.2875 1060.2875 0 0 1060.2875 743.8863 25.7217 1522.3313 1767.1459 1767.1459 0 0 1522.3313 25.7217]