[A 0 95.4959 1413.7167 1316.0101 33.378 0 0 0]
[B 348.2829 1213.6081 1413.7167 1046.8175 0 0 0 0]
[C 1413.7167 1413.7167 1413.7167 1413.7167 240.6008 0 0 147.9687]
[D 0 0 1249.3992 1413.7167 1413.7167 1318.2208 0 0]
[E 0 0 0 0 0 0 1413.7167 1127.5193]
[A' 0 0 1223.9128 1328.3231 174.6411 0 0 0]
[B' 726.1605 1369.427 1413.7167 1413.7167 44.4163 0 0 327.008]
[C' 1413.7167 1413.7167 1413.7167 1413.7167 444.1928 0 0 144.3669]
[D' 0 569.3267 1413.7167 1413.7167 1413.7167 1413.7172 189.804 0]
[E' 0 0 0 0 0 0 1413.7167 1155.2333]
[F' 0 0 6.3236 1060.2875 1413.7167 525.1419 57.2376 0]
[G' 1413.7167 1413.7167 424.5127 0 1130.2964 1413.7172 1413.7167 1413.7167]
[H' 1413.7167 1413.7167	0 0 0 0	0 420.3812]
[I' 1413.7167 1413.7167	192.1069 0 0 0 0 0]
[J' 1413.7167 1413.7167	1413.7167 876.1672 0 0 0 0]
